,Silhouette,DB
4,0.3768629961508624,0.9731242668732369
5,0.41113710091905126,0.8659723589728173
6,0.37492834156540245,0.882091637356293
7,0.3505633513628682,0.8898818438020223
8,0.31090257216749206,0.9781178959782592
9,0.2987877063236115,0.9790464234796443
10,0.28393522239074587,1.0213657796720612
11,0.27652516953539774,1.0626523657608946
12,0.2644684365366085,1.1245641018012524
13,0.2635217201851811,1.072669084852627
14,0.2574073496273397,1.1286802971949401
15,0.2605543235812102,1.099697641203812
16,0.25650102060341773,1.1118524586854308
17,0.24879381864300049,1.1223850945715006
18,0.24134633149887813,1.153203833530951
19,0.2454075188052011,1.1423506934209344
20,0.24044950716361646,1.1541709567693355
21,0.2314807871651223,1.1767981859343313
22,0.23094795674509752,1.1822887393962136
23,0.22216413546365218,1.1868099992627932
24,0.21558323389356773,1.2098276137877406
