,Magnitude,Silhouette,DB
3,1331093899.7633398,0.34846181989626945,1.0602941124047838
4,1123294272.857211,0.2737852585961638,1.1524803605708729
5,951885447.6333563,0.292187709650266,1.0825803229952746
6,811046152.5350707,0.3071567010817496,1.081283450756063
7,726472117.828428,0.2935693343681927,1.058977064304163
8,656906785.7163732,0.29334043332765763,1.030585902031044
9,598240332.1471165,0.28507974608543446,1.0155377317555434
10,560165626.731661,0.28501617426724923,1.0287138338875204
11,529456308.39410585,0.26177692663783964,1.1111055900250846
12,497260611.9690301,0.27099760080514557,1.123188255509889
13,471885507.48286897,0.2699785911987331,1.1014710250612931
14,446091856.7991943,0.2693239158928152,1.1119434313968914
15,428319380.0390477,0.2655754695010446,1.1032432342268408
16,414128550.901827,0.2645443112098151,1.1399978488373654
17,399709901.718161,0.23879978233464452,1.1756010850543457
18,385101465.64708966,0.2498050722064563,1.1427997203685258
19,378520502.9140258,0.22799909704068635,1.2065517514589805
20,367182999.233751,0.2327461325152431,1.2017818646218763
21,353141043.3235958,0.24168518581607995,1.1694440798990544
22,345579305.5582645,0.22884495659078818,1.1768086797823498
23,336079749.65835494,0.22198530386104046,1.198599248986144
24,330551315.2793754,0.2378351670878462,1.1586213987355958
