,Silhouette,DB
4,-0.09061573683487696,0.7025423485621383
5,-0.10654304990456959,0.6230609940980892
6,-0.1841929440318127,0.6181077715969933
7,-0.19066405033389558,0.5803049518527175
8,-0.1881497205556789,0.5763121989860313
9,-0.26860653465319917,0.5924926956542698
10,-0.3539823617426867,0.7131885993262757
11,-0.3559022247949738,0.6940366462140877
12,-0.35304322034171387,0.6864707000031842
13,-0.3991319092239417,0.7411756623913512
14,-0.4004712176579691,0.7158397879043682
15,-0.4001041106399795,0.7058056387756132
16,-0.4022357593265798,0.6732026891902212
17,-0.4025612347443217,0.6303233672965529
18,-0.40579758158623086,0.6395108841435926
19,-0.4076552457224472,0.6273379408794547
20,-0.40673146733120674,0.6113986022078828
21,-0.4290977402706856,0.6146283052502025
22,-0.4328276652782346,0.6211483803704286
23,-0.4398228453377363,0.6196408719901357
24,-0.436476838843858,0.6440848603182469
