,Silhouette,DB
4,0.3290796279265306,1.0596658072448866
5,0.351339405239391,0.9139936422647346
6,0.3484369974949248,0.8930943870269883
7,0.3561387417360232,0.8685036407158083
8,0.3590127171624103,0.845925136793634
9,0.34559987153392757,0.8799321700019067
10,0.3215231775213696,0.9559604877901998
11,0.31591765872966654,0.9674302509277635
12,0.2941226054950159,1.0093655627162958
13,0.2813204307215268,1.0386081864470855
14,0.27631988744254454,1.07303722875129
15,0.2771379963948074,1.1238417266124812
16,0.275324784183672,1.1061006893142804
17,0.27299987829612177,1.1180797803565419
18,0.2569360987045937,1.1587502113520458
19,0.26997836226321953,1.0989216855893629
20,0.24644843276529615,1.1951622956472372
21,0.25088178218393437,1.1467057056578278
22,0.25078916781969113,1.1523322118994654
23,0.25436952181168626,1.119377608436847
24,0.2582859540686306,1.1379386883110059
