,Silhouette,DB
4,0.46040476688519294,0.7960005536161172
5,0.3708636333274008,0.8971711542891253
6,0.37886251750415306,0.8402820365714715
7,0.3695840021145309,0.8581540099839869
8,0.3461161451422995,0.8724921917718376
9,0.3138304984447983,0.949596515385547
10,0.30887029121846504,0.948641746722459
11,0.29554060797004944,0.9808001727926411
12,0.28038837348729645,1.0282769602221786
13,0.2751646776138212,1.0275827433341724
14,0.27124224753640874,1.0522671347112549
15,0.26591530353275783,1.0750374883588014
16,0.25550580053066363,1.120344522050845
17,0.256781644703437,1.110102057918021
18,0.2495645511652919,1.1582469844029102
19,0.24683008772415443,1.1756924993234792
20,0.2528984472560571,1.132217173052526
21,0.2485426348219387,1.1518238036684185
22,0.2524029144077529,1.1508987174956573
23,0.2506213706641403,1.1742957769655364
24,0.2400497662164206,1.1703519974938763
