,Silhouette,DB
4,0.33935548808778604,0.9617496583261166
5,0.3684479530628474,0.8832569691301593
6,0.33950299247652316,0.943370969251318
7,0.34962934574611093,0.8612032306014179
8,0.33847574359634697,0.9271239289016793
9,0.31907873375447837,0.9511215214890245
10,0.316264796976388,0.9850763858919706
11,0.3077748731477718,1.008438614275974
12,0.2821352122241899,1.036032152055248
13,0.2854644061949053,1.021323132620703
14,0.27323318793017615,1.0687038456160785
15,0.26242510888081005,1.0972405594217263
16,0.26417717892915915,1.084837435468688
17,0.26599950517580434,1.0886614209396874
18,0.2628729618564224,1.1055184840463363
19,0.2568712173793345,1.1258096555744863
20,0.2515401095698935,1.1635762887506076
21,0.25359256918889866,1.1289084654057506
22,0.2591519398903595,1.1649765934511633
23,0.2566459398299083,1.1249190101735367
24,0.2535432588826339,1.1322291098873152
