,Silhouette,DB
4,0.37318974038443564,0.8700186326407039
5,0.3258401674107956,0.9517059637365491
6,0.29231182337494405,1.034124072051602
7,0.2643360220882718,1.1092729744634418
8,0.2525082285766643,1.1398671266548162
9,0.24497212107407956,1.1693420799891172
10,0.24322885846858908,1.1536228106519317
11,0.22908906489096903,1.2291025080931297
12,0.2333375145108389,1.2257981484944545
13,0.22908895556115455,1.2466223196826633
14,0.22132938790882906,1.254850881727086
15,0.23051804988248722,1.2153603709032548
16,0.2334905343218967,1.2118141894415113
17,0.2273330982647273,1.238672985676163
18,0.22299399301973244,1.2315005768474083
19,0.22919723487939705,1.1953991356232603
20,0.22404489891086518,1.2250168188116723
21,0.21809823811183304,1.2386970839904763
22,0.2167971663593073,1.2797464855747522
23,0.21864300068397424,1.2205435976420551
24,0.217562200325359,1.243320434767323
