,Silhouette,DB
4,0.48501604236033663,0.7738530079301185
5,0.4227838413698957,0.8053560658144476
6,0.4013537417642918,0.82470139739209
7,0.3491553018753644,0.8882204654988003
8,0.34657302741532237,0.8940493837767296
9,0.33827872275083376,0.8932998670574592
10,0.3131217196637455,0.9626734450873468
11,0.29364723798385817,1.0082114619748508
12,0.2812556683322463,1.0652195089925072
13,0.2776738942162079,1.0713707248308422
14,0.2638876784748371,1.128503437422713
15,0.25936552743594654,1.117243030888099
16,0.2533381280161921,1.1763711632881946
17,0.25311258823421423,1.1395887209983506
18,0.22998348908005886,1.2345777814509638
19,0.22466731629168388,1.2598089602771738
20,0.23500617087226372,1.1736022248741642
21,0.23938253371532142,1.1776762045462676
22,0.2326979879238467,1.2117699504410988
23,0.22347459438631995,1.2280605972070595
24,0.21864895848011073,1.240602692382098
