,Silhouette,DB
4,0.27224632787396924,1.1601268748958424
5,0.289431921926926,1.139228311089962
6,0.3078241102250394,1.0858046624536923
7,0.2946111641691527,1.0574266383575432
8,0.2954287607552048,1.039591364833158
9,0.28507974608543446,1.0155377317555387
10,0.28352144333376134,1.0285220954571552
11,0.2694903977084703,1.122268627745319
12,0.2708805677045829,1.1244196348978355
13,0.26790334432286916,1.122094054088789
14,0.2677992673705873,1.1120005494882743
15,0.2614799621509516,1.127720831359814
16,0.25779605764854346,1.1285298710772103
17,0.2494705531600174,1.1288553340188605
18,0.23577503585265552,1.1616154760603792
19,0.25872686065209693,1.1314252721382458
20,0.23706911666543937,1.1931804926610647
21,0.2296583375184371,1.192381391219044
22,0.2392471173351371,1.18385247722052
23,0.228149532485207,1.195683704341192
24,0.2210444451017909,1.2050700566089112
